BEIJING 1               
1 28890U 05043A   22106.51194802  .00000233  00000+0  56450-4 0  9991
2 28890  98.1069 230.0917 0015371  13.4611 346.6998 14.61417005878093
HJ-1A                   
1 33320U 08041A   22106.46706864  .00000479  00000+0  73331-4 0  9996
2 33320  97.6847 142.4134 0022647  74.6940 285.6778 14.77785295733230
HJ-1B                   
1 33321U 08041B   22106.47515554  .00001101  00000+0  15932-3 0  9997
2 33321  97.7026 145.8613 0036006  91.5419 268.9924 14.77604651733236
YAOGAN 4                
1 33446U 08061A   22106.40460045  .00000541  00000+0  83158-4 0  9997
2 33446  97.8124  48.4432 0015698 340.4778  19.5829 14.77297789720431
DEIMOS-1                
1 35681U 09041A   22106.53956188  .00000296  00000+0  54543-4 0  9994
2 35681  97.7217 320.7740 0002898  79.4756 280.6790 14.72008597682669
UK-DMC 2                
1 35683U 09041C   22106.46979683  .00000672  00000+0  11615-3 0  9993
2 35683  97.6927 282.9266 0001858  97.4014 262.7419 14.71339811682408
RISAT 1                 
1 38248U 12017A   22106.57769693  .00003518  00000+0  21155-3 0  9992
2 38248  97.5553 118.6485 0005792 107.5791 252.6072 15.11498929549479
DMC3-FM1                
1 40715U 15032A   22106.48932502  .00000504  00000+0  70057-4 0  9993
2 40715  97.8557 354.4962 0006418  15.2531 344.8858 14.82056522364119
DMC3-FM2                
1 40716U 15032B   22106.44392893  .00000508  00000+0  70496-4 0  9994
2 40716  97.8597 355.0631 0008402  15.0743 345.0701 14.82045754364117
DMC3-FM3                
1 40717U 15032C   22106.46641930  .00000520  00000+0  72058-4 0  9996
2 40717  97.8628 355.9714 0010060   9.9985 350.1433 14.82007131364113
