GOES 1 (SMS-C) [-]      
1 08366U 75100A   22106.49005205 -.00000202  00000+0  00000+0 0  9995
2 08366   8.4276 296.5390 0000302  41.2663 314.3161  1.00305619169799
GOES 2 [-]              
1 10061U 77048A   22106.57896708 -.00000013  00000+0  00000+0 0  9998
2 10061   9.9903 307.7641 0012993  27.9140 335.4189  0.99394381 31143
GOES 3 [-]              
1 10953U 78062A   22106.51021556 -.00000312  00000+0  00000+0 0  9992
2 10953  10.3108 312.1965 0003333 104.5976  98.6943  0.99362766113400
GOES 4 [-]              
1 11964U 80074A   22106.19394649  .00000060  00000+0  00000+0 0  9990
2 11964  11.2618 316.0143 0034676  71.2644 112.3351  0.99229090112325
GOES 5 [-]              
1 12472U 81049A   22106.12986997 -.00000152  00000+0  00000+0 0  9997
2 12472  12.0644 327.2869 0001860  81.9141 103.0921  1.00339280107573
GOES 6 [-]              
1 14050U 83041A   22106.13048434 -.00000186  00000+0  00000+0 0  9998
2 14050  12.6041 332.5600 0004217 112.3085  73.5763  1.00322138200743
GOES 7 [-]              
1 17561U 87022A   22105.99965712 -.00000260  00000+0  00000+0 0  9994
2 17561  14.2953 349.0701 0007323  52.3397 133.6546  0.99906939111740
GOES 8 [-]              
1 23051U 94022A   22106.13882463 -.00000199  00000+0  00000+0 0  9992
2 23051  13.1256  24.6383 0008539  18.9072 159.6907  0.98905899109069
GOES 9 [-]              
1 23581U 95025A   22106.33977520  .00000036  00000+0  00000+0 0  9994
2 23581  12.6176  24.9238 0006983  68.7798 110.1189  0.98798549 97717
GOES 10 [-]             
1 24786U 97019A   22106.47522497 -.00000052  00000+0  00000+0 0  9990
2 24786  11.3518  31.0349 0023806 201.2605 340.0174  0.99125253 90962
GOES 11 [-]             
1 26352U 00022A   22106.59621745  .00000036  00000+0  00000+0 0  9999
2 26352   8.5552  59.8020 0002161 324.9956 114.9896  0.99039649 37396
GOES 12 [-]             
1 26871U 01031A   22106.14379606 -.00000245  00000+0  00000+0 0  9996
2 26871   9.4085  48.5826 0009253 330.6902 211.1292  0.99140000 75662
EWS-G1 (GOES 13) [+]    
1 29155U 06018A   22106.52005508  .00000041  00000+0  00000+0 0  9996
2 29155   0.4397  96.6789 0001191 138.3543 218.3997  1.00273322 28101
GOES 14 [B]             
1 35491U 09033A   22106.57896708 -.00000087  00000+0  00000+0 0  9992
2 35491   0.1730  91.6302 0011317 129.4447  87.5651  1.00271523 46845
GOES 15 [B]             
1 36411U 10008A   22106.58452157  .00000060  00000+0  00000+0 0  9996
2 36411   0.1456 105.5882 0002095 328.7077 212.4595  1.00273803 44406
GOES 16 [+]             
1 41866U 16071A   22106.56229851 -.00000244  00000+0  00000+0 0  9998
2 41866   0.0568 283.2297 0001026 139.2750 269.3870  1.00270644 19846
GOES 17 [+]             
1 43226U 18022A   22106.48045806  .00000102  00000+0  00000+0 0  9997
2 43226   0.0395 289.3465 0000410 103.0929 207.9477  1.00273058 15156
GOES 18 [+]             
1 51850U 22021A   22104.57619094 -.00000181  00000+0  00000+0 0  9995
2 51850   0.0186 143.6434 0000640 324.8635 212.2800  1.00269914   515
