ISS (ZARYA)             
1 25544U 98067A   22106.88895260  .00009912  00000+0  18076-3 0  9992
2 25544  51.6426 280.1860 0004696  31.5464 113.5772 15.50104291335677
AEROCUBE 12A            
1 43556U 18046C   22106.45093638  .00014936  00000+0  42046-3 0  9992
2 43556  51.6362 125.5517 0005551 161.3349 198.7839 15.36658576209779
AEROCUBE 12B            
1 43557U 18046D   22106.58192199  .00011639  00000+0  34455-3 0  9991
2 43557  51.6376 128.6148 0006009 160.4417 199.6797 15.35311967209697
LEMUR-2-VU              
1 43558U 18046E   22106.43806022  .00026961  00000+0  63051-3 0  9991
2 43558  51.6372 110.8291 0003839 151.4094 208.7103 15.41944830209966
LEMUR-2-ALEXANDER       
1 43559U 18046F   22106.29732742  .00023895  00000+0  55088-3 0  9997
2 43559  51.6371 109.9178 0003787 150.2762 209.8439 15.42444100209746
LEMUR-2-YUASA           
1 43560U 18046G   22106.21730933  .00023637  00000+0  55370-3 0  9999
2 43560  51.6381 112.3559 0003288 167.3722 192.7346 15.41972829209921
LEMUR-2-TOMHENDERSON    
1 43561U 18046H   22106.27378001  .00016781  00000+0  41055-3 0  9997
2 43561  51.6387 114.1956 0004004 175.0592 185.0433 15.40894732209463
ISS DEB (SEDA-AP)       
1 43870U 98067PU  22106.53374040  .00046069  00000+0  29827-3 0  9994
2 43870  51.6318 191.4745 0004913  11.1301 348.9806 15.75554773189143
ISS DEB                 
1 44303U 98067QA  22106.60156839  .00085401  00000+0  49493-3 0  9992
2 44303  51.6323 216.9892 0007387 320.1700  39.8758 15.77793950164083
ISS DEB                 
1 44306U 98067QD  22106.53183685  .00110733  00000+0  52693-3 0  9999
2 44306  51.6307 213.3368 0008522 322.8727  37.1685 15.82000657164134
RED-EYE 1 (PINOT)       
1 44364U 98067QJ  22106.55179395  .00078035  00000+0  47532-3 0  9992
2 44364  51.6350 218.9445 0008420 316.7198  43.3140 15.76697431159644
RWASAT-1                
1 44790U 98067QV  22105.68448074  .00062198  13030-4  11951-3 0  9992
2 44790  51.6230 218.5202 0010452 329.8261 164.1362 16.00625346136901
AQT-D                   
1 44791U 98067QW  22106.55743805  .01246639  10853-2  99023-3 0  9999
2 44791  51.6157 211.9655 0012374 330.9073  29.1252 16.13900497137072
STPSAT-4                
1 45043U 98067QY  22106.58832698  .00045173  00000+0  41921-3 0  9995
2 45043  51.6385 252.9962 0005507 317.2196  42.8370 15.66971721125778
1998-067RA              
1 45257U 98067RA  22106.52995864  .00351374  59162-4  93358-3 0  9993
2 45257  51.6285 228.3653 0011313 323.8714  36.1528 15.93964620122766
PHOENIX                 
1 45258U 98067RB  22106.55037279  .00120093  00000+0  64714-3 0  9992
2 45258  51.6334 237.6127 0008253 312.9497  47.0811 15.79262500122619
RADSAT-U                
1 45262U 98067RF  22106.60164488  .00429901  88186-4  90920-3 0  9990
2 45262  51.6329 225.2927 0011066 330.4242  29.6140 15.98113833122827
SORTIE                  
1 45264U 98067RH  22106.53818089  .00054509  00000+0  46960-3 0  9994
2 45264  51.6388 248.9631 0007031 324.5990  35.4539 15.68707010122492
ICS-EF (ISS DEB)        
1 45265U 98067RJ  22106.54694082  .00020296  00000+0  26142-3 0  9997
2 45265  51.6382 263.9486 0004840 314.6386  45.4212 15.59004202121970
G-SAT                   
1 45597U 98067RK  22106.55341016  .02650426  11917-4  11490-2 0  9991
2 45597  51.6200 224.7366 0011248 320.9490  39.0716 16.21686786112189
RED-EYE 2 (MERLOT)      
1 45800U 98067RM  22106.53144696  .00035901  00000+0  38165-3 0  9999
2 45800  51.6395 258.6674 0002567 290.9302  69.1418 15.63674858103906
RED-EYE 3 (CABERNET)    
1 45809U 98067RN  22106.53162753  .00035354  00000+0  37654-3 0  9996
2 45809  51.6396 258.6707 0003064 288.7543  71.3119 15.63633179102888
SPOC                    
1 46921U 98067RR  22106.57801298  .00100807  00000+0  65522-3 0  9991
2 46921  51.6338 250.6881 0004099 291.5828  68.4734 15.75148327 82192
NEUTRON-1               
1 46923U 98067RT  22105.66590873  .00111908  00000+0  73783-3 0  9998
2 46923  51.6340 255.8584 0004095 281.8595  78.1945 15.74775041 82070
DESCENT                 
1 46927U 98067RX  22106.59063750  .00114632  00000+0  71175-3 0  9994
2 46927  51.6346 250.7757 0004849 284.8907  75.1556 15.76136253 82133
ISS DEB                 
1 47853U 98067RZ  22106.17609472  .00008187  00000+0  13895-3 0  9996
2 47853  51.6414 280.2879 0002645 135.5418 224.5784 15.52423815 62231
RSP-01                  
1 47925U 98067SB  22106.42415098  .00133640  00000+0  87125-3 0  9993
2 47925  51.6349 260.9279 0004730 291.7927  68.2569 15.74950690 62014
TAUSAT-1                
1 47926U 98067SC  22106.58947439  .00323967  49317-4  11124-2 0  9997
2 47926  51.6241 252.9319 0008679 304.4995  55.5190 15.89078588 62129
TSURU                   
1 47927U 98067SD  22106.48217864  .00092841  00000+0  71966-3 0  9995
2 47927  51.6349 262.8131 0003463 288.9585  71.1037 15.71059790 61991
STARS-EC                
1 47928U 98067SE  22105.70792890  .03725711  11861-4  18835-2 0  9996
2 47928  51.6211 255.2286 0013267 301.2810  58.6908 16.19672179 62005
MMSATS-1                
1 47976U 98067SJ  22106.60353079  .00024981  00000+0  35848-3 0  9991
2 47976  51.6401 274.8570 0002553 161.3549 198.7537 15.55968634 60625
TIANHE                  
1 48274U 21035A   22105.82103512  .00028347  00000+0  29642-3 0  9997
2 48274  41.4686 238.3104 0006652 354.4246 136.5501 15.63790293 55022
RAMSAT                  
1 48850U 98067SL  22106.00329696  .00053296  00000+0  60275-3 0  9998
2 48850  51.6386 274.6082 0004260 216.2742 143.7964 15.61900236 47548
BD-28                   
1 48867U 98067SN  22106.54262578  .00055977  00000+0  59033-3 0  9998
2 48867  51.6352 270.6890 0004516 250.1106 109.9402 15.63671908 46393
MIR-SAT 1 (MO-112)      
1 48868U 98067SP  22106.49975314  .02113085  44571-2  19317-2 0  9993
2 48868  51.6185 257.5052 0014024 303.5006  56.4669 16.12643574 46595
ISS (NAUKA)             
1 49044U 21066A   22106.55318861  .00008765  00000+0  16083-3 0  9990
2 49044  51.6440 281.8481 0004839  30.4757  39.7178 15.50093537335627
TIANZHOU-3              
1 49222U 21085A   22105.42172909  .00027163  00000+0  28457-3 0  9996
2 49222  41.4682 240.7535 0006553 346.5038  53.5697 15.63761178 54964
FREGAT DEB              
1 49271U 11037PF  22106.55147353  .00024085  00000+0  74604-1 0  9999
2 49271  51.6402  40.5749 1050256 284.7165  63.9711 11.86500321 39831
BINAR-1                 
1 49272U 98067SR  22106.50498096  .00049751  00000+0  58566-3 0  9994
2 49272  51.6372 275.6889 0001242  90.5611 269.5524 15.60896859 29962
MAYA-3                  
1 49273U 98067SS  22106.51071399  .00071854  00000+0  73694-3 0  9997
2 49273  51.6370 274.2275 0000359 308.3675  51.7288 15.64285215 29985
MAYA-4                  
1 49274U 98067ST  22106.45683246  .00072061  00000+0  74500-3 0  9999
2 49274  51.6366 274.6161 0000414 312.8730  47.2230 15.64081345 29977
CUAVA-1                 
1 49275U 98067SU  22106.50560277  .00073744  00000+0  80770-3 0  9999
2 49275  51.6384 274.7277 0001676 173.5934 285.3431 15.62597719 29924
CAPSAT                  
1 49276U 98067SV  22106.17068485  .00052828  00000+0  62301-3 0  9997
2 49276  51.6390 277.9611 0001734 127.3197 232.7955 15.60823707 28969
1998-067SW              
1 49277U 98067SW  22106.56451298  .00061753  00000+0  69020-3 0  9991
2 49277  51.6338 275.3088 0001401 115.9089 244.2049 15.62150486 29003
SHENZHOU-13 (SZ-13)     
1 49326U 21092A   22105.82103528  .07043332  00000+0  58752-1 0  9996
2 49326  41.4780 238.3037 0005928   9.2859 121.9462 15.64971216 28392
PROGRESS-MS 18          
1 49379U 21098A   22106.55318861  .00008765  00000+0  16083-3 0  9996
2 49379  51.6440 281.8481 0004839  30.4757  39.7178 15.50093537335628
CREW DRAGON 3           
1 49407U 21103A   22106.55318861  .00008765  00000+0  16083-3 0  9995
2 49407  51.6440 281.8481 0004839  30.4757  39.7178 15.50093537335620
GASPACS                 
1 51439U 98067TB  22106.17884021  .00169299  00000+0  14936-2 0  9994
2 51439  51.6355 279.4991 0009598 299.4199  60.5839 15.67585367 12449
1998-067TC              
1 51440U 98067TC  22106.30170762  .00439148  00000+0  24894-2 0  9998
2 51440  51.6332 277.3134 0013167 296.3721  63.5928 15.77152993 12545
1998-067TD              
1 51441U 98067TD  22106.52326730  .00033794  00000+0  48866-3 0  9994
2 51441  51.6395 280.3060 0006277 352.3845   7.7050 15.55578241 12518
PATCOOL                 
1 51442U 98067TE  22106.51385027  .00036615  00000+0  52355-3 0  9991
2 51442  51.6385 280.2399 0006231 358.7270   1.3704 15.55843403 12470
DAILI                   
1 51443U 98067TF  22106.50306678  .00107152  00000+0  11535-2 0  9995
2 51443  51.6370 278.6705 0008731 318.5223  41.5107 15.62836752 12454
LIGHT-1                 
1 51509U 98067TG  22106.48837230  .00027511  00000+0  41514-3 0  9999
2 51509  51.6402 280.8211 0008588 349.2971  10.7835 15.54503801 11240
GT-1                    
1 51510U 98067TH  22106.03527843  .00127842  00000+0  14052-2 0  9992
2 51510  51.6362 281.5405 0008257 309.0816  50.9443 15.62221299 11210
PROGRESS-MS 19          
1 51660U 22014A   22106.55318861  .00008765  00000+0  16083-3 0  9991
2 51660  51.6440 281.8481 0004839  30.4757  39.7178 15.50093537335624
CYGNUS NG-17            
1 51712U 22015A   22106.55318861  .00008765  00000+0  16083-3 0  9990
2 51712  51.6440 281.8481 0004839  30.4757  39.7178 15.50093537335622
SOYUZ-MS 21             
1 52086U 22028A   22106.55318861  .00008765  00000+0  16083-3 0  9999
2 52086  51.6440 281.8481 0004839  30.4757  39.7178 15.50093537335627
IHI-SAT                 
1 52147U 98067TJ  22106.45659645  .00027056  00000+0  44757-3 0  9993
2 52147  51.6402 282.1048 0003174  59.9039 300.2266 15.51996839  3675
KITSUNE                 
1 52148U 98067TK  22106.53626483  .00023429  00000+0  39994-3 0  9994
2 52148  51.6446 281.7980 0002921  50.6086 350.0149 15.51199910  3626
ISS DEB                 
1 52149U 98067TL  22087.84009897  .00123749  00000+0  20830-2 0  9995
2 52149  51.6428  14.5209 0003365 304.2199  55.8471 15.50790771   625
AXIOM-1                 
1 52204U 22037A   22106.55318861  .00008765  00000+0  16083-3 0  9991
2 52204  51.6440 281.8481 0004839  30.4757  39.7178 15.50093537335629
