YAOGAN-34 02            
1 52084U 22027A   22106.79602115  .00005005  00000+0  86210-2 0  9992
2 52084  63.3990 151.3092 0006936 261.3012  98.7835 13.45200363  4114
CZ-4C R/B               
1 52085U 22027B   22106.52465732  .00000027  00000+0  14455-3 0  9998
2 52085  63.3983 149.4435 0103839  41.3844 319.5000 13.65314445  4134
SOYUZ-MS 21             
1 52086U 22028A   22106.55318861  .00008765  00000+0  16083-3 0  9999
2 52086  51.6440 281.8481 0004839  30.4757  39.7178 15.50093537335627
STARLINK-3537           
1 52088U 22029A   22106.58334491  .00911674  39004-3  20604-2 0  9997
2 52088  53.2173   0.2519 0005454 348.3512  76.8136 15.97059029  3165
STARLINK-3722           
1 52089U 22029B   22106.58334491 -.00710997  00000+0 -12743-1 0  9999
2 52089  53.2174   4.6443 0001034  91.9044 319.8530 15.51904824  3702
STARLINK-3712           
1 52090U 22029C   22106.58334491 -.00711914  00000+0 -12584-1 0  9994
2 52090  53.2174   4.6431 0001103  71.2591   1.3308 15.52290084  3709
STARLINK-3713           
1 52091U 22029D   22106.58334491 -.00711204  00000+0 -12688-1 0  9992
2 52091  53.2174   4.6438 0001035  92.3377 326.4026 15.52033201  3701
STARLINK-3716           
1 52092U 22029E   22106.58334491 -.00711452  00000+0 -12634-1 0  9999
2 52092  53.2174   4.6436 0001036  88.5843 337.1001 15.52161567  3705
STARLINK-3673           
1 52093U 22029F   22106.58334491 -.00712351  00000+0 -12479-1 0  9996
2 52093  53.2174   4.6397 0001127  70.0041  17.0588 15.52539289  3703
STARLINK-3714           
1 52094U 22029G   22106.58334491 -.00712088  00000+0 -12529-1 0  9990
2 52094  53.2174   4.6423 0001068  84.1084 355.3483 15.52418457  3706
STARLINK-3701           
1 52095U 22029H   22106.58334491 -.00712230  00000+0 -12361-1 0  9994
2 52095  53.2174   4.6379 0001095  87.1286  13.4791 15.52795784  3709
STARLINK-3717           
1 52096U 22029J   22106.58334491 -.00016935  00000+0 -11729-3 0  9993
2 52096  53.2169   3.1911 0001233 119.0880 316.4388 15.73041768  3706
STARLINK-3676           
1 52097U 22029K   22106.43550933  .02581979  93140-2  27195-2 0  9997
2 52097  53.2081   0.8759 0004965 288.1238  71.7945 16.11980525  5757
STARLINK-3665           
1 52098U 22029L   22106.58334491 -.00712451  00000+0 -12423-1 0  9991
2 52098  53.2174   4.6390 0001082  91.1217   2.7329 15.52667629  3704
STARLINK-3662           
1 52099U 22029M   22106.18074230  .02703057  12652-1  28841-2 0  9992
2 52099  53.2082   2.1240 0004653 286.2313  72.9796 16.12622037  5712
STARLINK-3702           
1 52100U 22029N   22106.58334491 -.00712691  00000+0 -12312-1 0  9998
2 52100  53.2174   4.6370 0001095  94.0221  13.3001 15.52924275  3705
STARLINK-3703           
1 52101U 22029P   22106.58334491 -.00712842  00000+0 -12205-1 0  9998
2 52101  53.2174   4.6321 0001154  98.6130  23.2060 15.53169598  3702
STARLINK-3709           
1 52102U 22029Q   22106.58334491  .00001974  00000+0  18602-4 0  9994
2 52102  53.2162   3.6054 0001516 114.9797 118.0681 15.73031911  3706
STARLINK-3705           
1 52103U 22029R   22106.58334491  .00001341  00000+0  13978-4 0  9994
2 52103  53.2163   3.5985 0001344 127.3079 108.9833 15.73180173  3702
STARLINK-3693           
1 52104U 22029S   22106.89774975  .02734036  13290-1  30072-2 0  9999
2 52104  53.2083 358.6094 0007273 270.6591 172.3232 16.12275739  5827
STARLINK-3706           
1 52105U 22029T   22106.58334491 -.00005739  00000+0 -36740-4 0  9995
2 52105  53.2164   3.5954 0001273 121.3780 116.2783 15.73052120  3701
STARLINK-3670           
1 52106U 22029U   22106.58334491 -.00712895  00000+0 -12149-1 0  9998
2 52106  53.2174   4.6311 0001147  95.0977  33.3231 15.53297868  3702
STARLINK-3658           
1 52107U 22029V   22106.58334491  .00058202  00000+0  41707-3 0  9996
2 52107  53.2164   3.5933 0001014 122.4615 116.1230 15.73153340  3704
STARLINK-3698           
1 52108U 22029W   22106.58334491 -.00008307  00000+0 -55171-4 0  9991
2 52108  53.2164   3.5972 0001344 120.5202 116.5230 15.73057217  3705
STARLINK-3687           
1 52110U 22029Y   22106.58334491  .00031723  00000+0  23124-3 0  9992
2 52110  53.2165   3.5947 0001366 124.9239 113.2207 15.73031387  3701
STARLINK-3708           
1 52111U 22029Z   22106.58334491  .00024274  00000+0  17795-3 0  9993
2 52111  53.2164   3.5884 0001514 114.8231 126.1653 15.73056600  3709
STARLINK-3734           
1 52112U 22029AA  22106.58334491  .00056033  00000+0  40324-3 0  9996
2 52112  53.2165   3.5924 0001603 122.8211 116.4328 15.73068864  3708
STARLINK-3736           
1 52113U 22029AB  22106.58334491  .01298639  00000+0  85547-2 0  9993
2 52113  53.2172   3.5798 0000866  96.2519 146.0401 15.72388927  3706
STARLINK-3737           
1 52114U 22029AC  22106.58334491  .00018396  00000+0  13601-3 0  9996
2 52114  53.2164   3.5897 0001373 120.6845 119.7383 15.73059434  3701
STARLINK-3685           
1 52115U 22029AD  22106.58334491  .00052985  00000+0  38215-3 0  9997
2 52115  53.2165   3.5834 0001349 116.9538 126.3014 15.73040150  3704
STARLINK-3735           
1 52116U 22029AE  22106.58334491 -.00022138  00000+0 -15439-3 0  9990
2 52116  53.2166   3.5874 0001375 118.2021 123.3631 15.73100610  3701
STARLINK-3738           
1 52117U 22029AF  22106.58334491 -.00010478  00000+0 -70744-4 0  9996
2 52117  53.2165   3.5810 0001420 119.5238 124.9301 15.73064833  3703
STARLINK-3743           
1 52118U 22029AG  22106.58334491 -.00007637  00000+0 -50342-4 0  9992
2 52118  53.2167   3.5851 0001383 120.2716 122.4325 15.73065367  3701
STARLINK-3558           
1 52119U 22029AH  22106.58334491  .00021322  00000+0  15694-3 0  9998
2 52119  53.2166   3.5785 0001138 125.2006 120.3914 15.73050646  3707
STARLINK-3534           
1 52120U 22029AJ  22106.58334491 -.00015775  00000+0 -10886-3 0  9995
2 52120  53.2166   3.5827 0001427 118.7721 125.1230 15.73057289  3702
STARLINK-3678           
1 52121U 22029AK  22106.58334491 -.00022124  00000+0 -15429-3 0  9990
2 52121  53.2166   3.5760 0001348 128.2290 118.4963 15.73100657  3704
STARLINK-3726           
1 52122U 22029AL  22106.58334491  .00109405  00000+0  78101-3 0  9993
2 52122  53.2166   3.5800 0001297 114.1896 130.8827 15.72983328  3709
STARLINK-3725           
1 52123U 22029AM  22106.58334491 -.00019361  00000+0 -13461-3 0  9995
2 52123  53.2166   3.5736 0001280 114.1479 133.7529 15.73069243  3700
STARLINK-3684           
1 52124U 22029AN  22106.58334491 -.00007070  00000+0 -46302-4 0  9991
2 52124  53.2168   3.5779 0001392 122.0972 124.0756 15.73051820  3707
STARLINK-3727           
1 52125U 22029AP  22106.58334491  .00039019  00000+0  28311-3 0  9997
2 52125  53.2166   3.5722 0001485 114.2129 134.2468 15.73035418  3702
STARLINK-3732           
1 52126U 22029AQ  22106.58334491  .00030786  00000+0  22470-3 0  9990
2 52126  53.2168   3.5754 0001335 124.3746 122.9732 15.73017106  3703
STARLINK-3715           
1 52127U 22029AR  22106.58334491 -.00004430  00000+0 -27318-4 0  9997
2 52127  53.2168   3.5699 0001291 123.6621 125.8657 15.73072039  3701
STARLINK-3719           
1 52128U 22029AS  22106.71908400  .81851771  12439-4  53839-3 0  9995
2 52128  53.1843 358.8528 0020170 151.6763 312.2835 16.52125706  5804
STARLINK-3661           
1 52129U 22029AT  22106.58334491  .01140993  00000+0  75925-2 0  9998
2 52129  53.2172   3.5617 0000972  94.1560 156.6744 15.72481708  3702
STARLINK-3710           
1 52130U 22029AU  22106.17636389  .02742724  17803-1  29660-2 0  9993
2 52130  53.2160   2.0855 0005178 286.8576  72.2431 16.13746951  5718
STARLINK-3711           
1 52131U 22029AV  22106.58334491 -.00014377  00000+0 -98795-4 0  9990
2 52131  53.2167   3.5659 0001408 118.1632 133.1847 15.73059522  3707
STARLINK-3718           
1 52132U 22029AW  22106.58334491 -.00016773  00000+0 -11601-3 0  9993
2 52132  53.2167   3.5691 0001254 120.3169 129.8547 15.73064133  3706
STARLINK-3707           
1 52133U 22029AX  22106.58334491  .00061053  00000+0  43858-3 0  9992
2 52133  53.2167   3.5634 0001428 116.7680 135.6664 15.73075694  3703
STARLINK-3721           
1 52134U 22029AY  22106.58334491 -.00040689  00000+0 -28809-3 0  9996
2 52134  53.2169   3.5658 0001235 131.7094 120.1435 15.73103620  3700
STARLINK-3729           
1 52135U 22029AZ  22106.58334491 -.00020053  00000+0 -13960-3 0  9992
2 52135  53.2168   3.5597 0001526 113.6018 140.5763 15.73066438  3705
STARLINK-3720           
1 52136U 22029BA  22106.58334491  .00033752  00000+0  24569-3 0  9998
2 52136  53.2169   3.5631 0001123 122.7030 130.3267 15.73031705  3709
STARLINK-3733           
1 52137U 22029BB  22106.58334491  .00014348  00000+0  10724-3 0  9997
2 52137  53.2168   3.5583 0001303 107.1362 147.6703 15.73029125  3709
STARLINK-3723           
1 52138U 22029BC  22106.58334491 -.00033188  00000+0 -23390-3 0  9996
2 52138  53.2169   3.5620 0001396 137.8148 115.7291 15.73108412  3702
STARLINK-3730           
1 52139U 22029BD  22106.58334491  .00028101  00000+0  20556-3 0  9995
2 52139  53.2163   3.1855 0001366 121.3282 314.7522 15.73016466  3702
STARLINK-3682           
1 52140U 22029BE  22106.58334491 -.00028543  00000+0 -20066-3 0  9995
2 52140  53.2170   3.5569 0001476 118.3005 137.6161 15.73081029  3707
FALCON 9 DEB            
1 52141U 22029BF  22106.54631244  .00490180  12192-3  73706-3 0  9994
2 52141  53.2138   0.1147 0005964 314.5256  45.5290 16.04090662  4531
FALCON 9 DEB            
1 52142U 22029BG  22106.54674193  .00436433  96578-4  70123-3 0  9997
2 52142  53.2135   0.1203 0005206 341.6409  18.4435 16.03004386  4539
FALCON 9 DEB            
1 52143U 22029BH  22106.08277580  .00576680  17145-3  78737-3 0  9996
2 52143  53.2085   2.1897 0004093 293.8286  66.2319 16.05683673  4467
FALCON 9 DEB            
1 52144U 22029BJ  22106.12750622  .00718881  28334-3  80742-3 0  9997
2 52144  53.2123   1.7554 0004042 275.6954  84.3620 16.08783692  4472
MERIDIAN 10             
1 52145U 22030A   22101.12648757  .00001563  00000+0  52658-1 0  9991
2 52145  62.9063 319.3434 7222299 269.8177 288.9293  1.98385441   380
FREGAT R/B              
1 52146U 22030B   22106.07256436 -.00001083  00000+0 -61435-2 0  9993
2 52146  62.8099 318.5344 7289660 269.7393  14.5987  2.00083700   520
IHI-SAT                 
1 52147U 98067TJ  22106.45659645  .00027056  00000+0  44757-3 0  9993
2 52147  51.6402 282.1048 0003174  59.9039 300.2266 15.51996839  3675
KITSUNE                 
1 52148U 98067TK  22106.53626483  .00023429  00000+0  39994-3 0  9994
2 52148  51.6446 281.7980 0002921  50.6086 350.0149 15.51199910  3626
TK-2                    
1 52150U 22031A   22106.78255095  .00001202  00000+0  12859-3 0  9995
2 52150  97.7971 279.9825 0013310 196.8550 163.2227 14.90521731  2737
PUJIANG 2 (PJ-2)        
1 52151U 22031B   22106.51203372  .00000695  00000+0  76513-4 0  9991
2 52151  97.7843 279.6948 0011880 203.3342 156.7333 14.90683117  2699
CZ-6A R/B               
1 52152U 22031C   22106.49664832  .00001692  00000+0  14933-3 0  9996
2 52152  97.7848 279.8431 0026995 306.5061  53.3675 14.97514033  2701
2022-032A               
1 52153U 22032A   22106.46996161  .00001196  00000+0  12936-3 0  9998
2 52153  97.7952 156.4107 0011506 199.0664 161.0105 14.90103461  2598
2022-032C               
1 52155U 22032C   22106.51958140  .00001472  00000+0  15123-3 0  9999
2 52155  97.8019 156.5131 0015306 228.7418 131.2467 14.91815887  2595
2022-032D               
1 52156U 22032D   22106.45206051  .00002795  00000+0  28157-3 0  9990
2 52156  97.7883 156.4190 0015360 229.1123 130.8750 14.91881112  2590
2022-033A               
1 52157U 22033A   22106.45548923  .00001011  00000+0  16019-3 0  9993
2 52157  97.9480 189.5013 0012837 204.0652 155.9958 14.74284881  2197
GNOMES-3                
1 52158U 22033B   22106.51783906  .00001178  00000+0  18318-3 0  9991
2 52158  97.9490 189.5770 0012175 214.8613 145.1800 14.74837852  2201
2022-033C               
1 52159U 22033C   22106.51481889  .00000364  00000+0  61578-4 0  9990
2 52159  97.9778 189.6103 0007046 226.4713 133.5911 14.74977358  2203
ALFACRUX                
1 52160U 22033D   22106.47071498  .00006935  00000+0  32067-3 0  9998
2 52160  97.3899 189.0306 0009151 241.5888 118.4426 15.20433829  2252
ARCSAT-1                
1 52161U 22033E   22106.53627630  .00004246  00000+0  19788-3 0  9999
2 52161  97.3883 189.0909 0008902 237.1731 122.8648 15.20391429  2261
LYNK TOWER 1            
1 52162U 22033F   22106.53122360  .00003346  00000+0  15431-3 0  9991
2 52162  97.3874 189.0930 0009664 220.1385 139.9137 15.20899840  2261
ION SCV-005             
1 52163U 22033G   22106.53137290  .00000643  00000+0  32150-4 0  9995
2 52163  97.3828 189.0940 0009985 217.9319 142.1214 15.20889527  2262
SPACEBEE-136            
1 52164U 22033H   22106.46379028  .00010106  00000+0  45515-3 0  9998
2 52164  97.3827 189.0207 0009079 227.3901 132.6570 15.21220717  2253
HAWK-4B                 
1 52165U 22033J   22106.46491175  .00019581  00000+0  87797-3 0  9991
2 52165  97.3874 189.0336 0009642 229.1388 130.9013 15.21214382  2258
SPACEBEE-138            
1 52166U 22033K   22106.39836360  .00009969  00000+0  44951-3 0  9997
2 52166  97.3848 188.9597 0010662 219.0089 141.0378 15.21172284  2247
HAWK-4A                 
1 52167U 22033L   22106.53154856  .00006393  00000+0  29126-3 0  9992
2 52167  97.3867 189.0943 0009303 224.9772 135.0711 15.20977898  2269
NUSAT-23 (ANNIE MAUNDER)
1 52168U 22033M   22106.47908630  .00006521  00000+0  29917-3 0  9994
2 52168  97.3855 189.0344 0008798 227.3336 196.5827 15.20729707  2255
2022-033N               
1 52169U 22033N   22106.52730721  .00005550  00000+0  25051-3 0  9991
2 52169  97.3878 189.1039 0011446 224.2529 135.7792 15.21334104  2268
HAWK-4C                 
1 52170U 22033P   22106.46161932  .00002725  00000+0  12506-3 0  9990
2 52170  97.3876 189.0344 0011445 218.0123 142.0306 15.21215295  2256
NUSAT-25 (MARIA TELKES) 
1 52171U 22033Q   22106.47163374  .00006757  00000+0  30301-3 0  9996
2 52171  97.3870 189.0503 0011752 220.5924 201.8964 15.21476381  2255
NUSAT-27 (SALLY RIDE)   
1 52172U 22033R   22106.47059091  .00006842  00000+0  30585-3 0  9996
2 52172  97.3855 189.0453 0011615 215.6183 206.7300 15.21582839  2257
SHAKUNTALA              
1 52173U 22033S   22106.46857731  .00011407  00000+0  50331-3 0  9997
2 52173  97.3905 189.0640 0012751 218.8826 203.3501 15.21856840  2255
2022-033T               
1 52174U 22033T   22106.45580479  .00008045  00000+0  35469-3 0  9998
2 52174  97.3867 189.0409 0013074 212.3659 147.6777 15.21981377  2257
2022-033U               
1 52175U 22033U   22106.45552730  .00008083  00000+0  35601-3 0  9998
2 52175  97.3894 189.0503 0013396 214.5956 145.4410 15.22012591  2258
SPACEBEE-130            
1 52176U 22033V   22106.39962768  .00010597  00000+0  47932-3 0  9991
2 52176  97.3838 188.9544 0007298 218.7931 141.2782 15.21074497  2240
SPACEBEE-139            
1 52177U 22033W   22106.40035183  .00011434  00000+0  51807-3 0  9993
2 52177  97.3844 188.9576 0010123 224.5439 135.4984 15.20973754  2244
NUSAT-24 (KALPANA CHAW*)
1 52178U 22033X   22106.55387128  .00006541  00000+0  29992-3 0  9992
2 52178  97.3880 189.1172 0009310 231.2090 242.7657 15.20747190  2257
SPACEBEE-129            
1 52179U 22033Y   22106.53226377  .00008610  00000+0  39189-3 0  9997
2 52179  97.3839 189.0833 0008650 227.1301 132.9209 15.20908577  2262
SPACEBEE-134            
1 52180U 22033Z   22106.46587545  .00009326  00000+0  42322-3 0  9996
2 52180  97.3844 189.0212 0008942 226.8554 133.1935 15.20987372  2259
SPACEBEE-131            
1 52181U 22033AA  22106.46633034  .00009587  00000+0  43549-3 0  9993
2 52181  97.3840 189.0197 0008728 228.3457 131.7032 15.20946102  2257
SPACEBEE-128            
1 52182U 22033AB  22106.46646937  .00007919  00000+0  36073-3 0  9991
2 52182  97.3820 189.0237 0008249 236.0357 124.0095 15.20913351  2258
SPACEBEE-133            
1 52183U 22033AC  22106.46619372  .00009710  00000+0  44082-3 0  9995
2 52183  97.3839 189.0198 0008766 228.0292 132.0198 15.20962287  2242
2022-033AD              
1 52184U 22033AD  22106.53235143  .00005466  00000+0  25142-3 0  9994
2 52184  97.3874 189.0924 0009559 221.4161 138.6351 15.20712583  2269
SPACEBEE-132            
1 52185U 22033AE  22106.39973012  .00010218  00000+0  46270-3 0  9999
2 52185  97.3847 188.9588 0008254 241.1304 118.9104 15.21038518  2248
SPACEBEE-137            
1 52186U 22033AF  22106.39984694  .00009405  00000+0  42644-3 0  9995
2 52186  97.3846 188.9577 0009055 227.3184 132.7289 15.21011704  2244
SPACEBEE-135            
1 52187U 22033AG  22106.46549525  .00009514  00000+0  43107-3 0  9990
2 52187  97.3852 189.0238 0008519 223.0850 136.9719 15.21036134  2254
2022-033AH              
1 52188U 22033AH  22106.52616452  .00007653  00000+0  33707-3 0  9999
2 52188  97.3876 189.1012 0004947 240.2485 119.8260 15.22097412  2267
2022-033AJ              
1 52189U 22033AJ  22106.46557378  .00007813  00000+0  35536-3 0  9994
2 52189  97.3808 189.0248 0009971 218.1601 141.8930 15.20954180  2259
2022-033AK              
1 52190U 22033AK  22106.53135748  .00008553  00000+0  38866-3 0  9998
2 52190  97.3811 189.0900 0009930 217.9345 142.1192 15.20956403  2262
2022-033AL              
1 52191U 22033AL  22106.46725593  .00006608  00000+0  30838-3 0  9994
2 52191  97.3979 189.0271 0011222 200.1731 159.9062 15.20116139  2254
2022-034A               
1 52195U 22034A   22106.58590735  .00144977  00000+0  27103-2 0  9992
2 52195  53.0025 275.6336 0012425 340.7086  19.3435 15.47672080  2178
2022-034B               
1 52196U 22034B   22106.59915905  .00017808  00000+0  38579-3 0  9996
2 52196  53.0044 275.7205 0008595 341.3164  18.7608 15.44503467  2177
2022-034C               
1 52197U 22034C   22106.59425804  .00018248  00000+0  38770-3 0  9993
2 52197  53.0041 275.6877 0009925 330.0700  29.9818 15.45048065  2174
GAOFEN-3 03             
1 52200U 22035A   22106.59441302  .00000118  00000+0  46643-4 0  9996
2 52200  98.4165 115.3842 0005850 195.0894 165.0120 14.44810860  1396
CZ-4C R/B               
1 52201U 22035B   22106.63137307  .00000686  00000+0  11160-3 0  9994
2 52201  98.3982 115.7812 0112101  20.8174 339.7535 14.70552116  1417
COSMOS 2554             
1 52202U 22036A   22106.06266957 -.00000148  00000+0 -52566-4 0  9998
2 52202  67.1536 330.6314 0006922 267.5517  92.5606 13.96672751  1256
SL-4 R/B                
1 52203U 22036B   22106.03484899  .00146004  84859-5  76213-3 0  9997
2 52203  67.1346 327.4507 0447254  84.8804 280.3214 15.06394450  1285
AXIOM-1                 
1 52204U 22037A   22106.55318861  .00008765  00000+0  16083-3 0  9991
2 52204  51.6440 281.8481 0004839  30.4757  39.7178 15.50093537335629
2022-038A               
1 52255U 22038A   22105.69954972 -.00000398  00000+0  00000+0 0  9994
2 52255  28.3613  20.8229 7289890 179.3665 150.8169  2.28114643    08
2022-038B               
1 52256U 22038B   22106.69424975 -.00001183  13613-5  00000+0 0  9994
2 52256  28.4484  20.3728 7223045 179.2529 292.5750  2.38696389    39
2022-039A               
1 52257U 22039A   22106.55939378 -.00019126  00000+0 -37886-2 0  9991
2 52257  98.1330  48.4253 0007037 243.4722 116.5968 14.62331260   110
2022-039B               
1 52258U 22039B   22106.61207597 -.00042187  00000+0 -35897-2 0  9993
2 52258  98.1638  48.5358 0139758  59.7931 301.7048 14.90580701   120
