NOAA 15                 
1 25338U 98030A   22106.53884755  .00000130  00000+0  72410-4 0  9998
2 25338  98.6509 136.8652 0011505 116.2097 244.0267 14.26109166244190
DMSP 5D-3 F15 (USA 147) 
1 25991U 99067A   22106.53814762  .00000147  00000+0  96972-4 0  9992
2 25991  99.0509  97.0641 0010359  10.9626  97.1174 14.16520308155009
METEOSAT-8 (MSG-1)      
1 27509U 02040B   22106.51604304  .00000143  00000+0  00000+0 0  9999
2 27509   7.9251  50.9696 0002263 325.5342  55.3675  1.00275557 71990
DMSP 5D-3 F16 (USA 172) 
1 28054U 03048A   22106.60461616  .00000048  00000+0  49109-4 0  9993
2 28054  98.9862  97.1049 0008175 127.2072 343.4224 14.13664351954290
NOAA 18                 
1 28654U 05018A   22106.51822747  .00000144  00000+0  10181-3 0  9998
2 28654  98.9528 176.9943 0015064 143.8262 216.3931 14.12713410871239
METEOSAT-9 (MSG-2)      
1 28912U 05049B   22106.51639192  .00000131  00000+0  00000+0 0  9990
2 28912   5.8819  66.6687 0000636 303.7459  63.2133  1.00438277 59778
EWS-G1 (GOES 13)        
1 29155U 06018A   22106.52005508  .00000041  00000+0  00000+0 0  9996
2 29155   0.4397  96.6789 0001191 138.3543 218.3997  1.00273322 28101
DMSP 5D-3 F17 (USA 191) 
1 29522U 06050A   22106.51968916  .00000078  00000+0  63874-4 0  9993
2 29522  98.7711 122.7238 0011047  79.5215 280.7202 14.14089453797151
FENGYUN 3A              
1 32958U 08026A   22106.47512596  .00000069  00000+0  53422-4 0  9997
2 32958  98.4964  71.6610 0008302 195.2596 164.8331 14.18703559719545
FENGYUN 2E              
1 33463U 08066A   22106.61658569 -.00000196  00000+0  00000+0 0  9991
2 33463   5.7694  65.6437 0003923   2.1634  85.3497  1.00278664 48828
NOAA 19                 
1 33591U 09005A   22106.58329255  .00000148  00000+0  10526-3 0  9994
2 33591  99.1552 139.4002 0013873   6.2636 353.8705 14.12549492679451
GOES 14                 
1 35491U 09033A   22106.57896708 -.00000087  00000+0  00000+0 0  9992
2 35491   0.1730  91.6302 0011317 129.4447  87.5651  1.00271523 46845
METEOR-M 1              
1 35865U 09049A   22106.49059098  .00000078  00000+0  54267-4 0  9996
2 35865  98.5227  78.9797 0003298  61.3101 298.8409 14.22320627652881
DMSP 5D-3 F18 (USA 210) 
1 35951U 09057A   22106.53736768  .00000193  00000+0  12548-3 0  9995
2 35951  98.7184  87.4654 0009862 263.2601  96.7449 14.13475243644389
GOES 15                 
1 36411U 10008A   22106.58452157  .00000060  00000+0  00000+0 0  9996
2 36411   0.1456 105.5882 0002095 328.7077 212.4595  1.00273803 44406
COMS 1                  
1 36744U 10032A   22106.53331223 -.00000339  00000+0  00000+0 0  9997
2 36744   0.9044  93.8202 0000900 291.8950 139.0823  1.00271810 35824
FENGYUN 3B              
1 37214U 10059A   22106.51805064  .00000040  00000+0  45170-4 0  9996
2 37214  99.0938 111.3888 0022339 167.2699 192.9041 14.14249972592203
SUOMI NPP               
1 37849U 11061A   22106.53565609  .00000063  00000+0  50827-4 0  9994
2 37849  98.7284  45.9590 0001234  96.5125  14.0690 14.19556680542412
FENGYUN 2F              
1 38049U 12002A   22106.53008516 -.00000350  00000+0  00000+0 0  9995
2 38049   3.6408  80.1208 0003388   4.4992  62.5648  1.00284954 37617
METEOSAT-10 (MSG-3)     
1 38552U 12035B   22106.22255404  .00000065  00000+0  00000+0 0  9998
2 38552   1.4374  37.0643 0001454 262.8472 353.8003  1.00267944 35588
METOP-B                 
1 38771U 12049A   22106.55896125  .00000090  00000+0  61124-4 0  9990
2 38771  98.7018 167.2088 0000824 145.6291 351.7200 14.21493585496947
FENGYUN 3C              
1 39260U 13052A   22106.50869367  .00000084  00000+0  63333-4 0  9999
2 39260  98.4616 137.7393 0012417  92.8942 267.3657 14.15912338443158
METEOR-M 2              
1 40069U 14037A   22106.48793043  .00000021  00000+0  29126-4 0  9999
2 40069  98.4370 127.1053 0006550 133.0083 227.1646 14.20703130403067
HIMAWARI-8              
1 40267U 14060A   22106.50466140 -.00000271  00000+0  00000+0 0  9996
2 40267   0.0423  86.4712 0001024 316.5472 123.9621  1.00271213 27597
FENGYUN 2G              
1 40367U 14090A   22106.49632937 -.00000295  00000+0  00000+0 0  9993
2 40367   1.7789  89.9655 0003030 344.5733  48.3799  1.00264815 26736
METEOSAT-11 (MSG-4)     
1 40732U 15034A   22106.36428350 -.00000001  00000+0  00000+0 0  9991
2 40732   0.1995  25.4142 0000796  53.8709 256.2477  1.00266383 24754
ELEKTRO-L 2             
1 41105U 15074A   22106.36140530 -.00000108  00000+0  00000+0 0  9999
2 41105   2.8315  88.8117 0000688  27.4136 203.9624  1.00271601 23245
HIMAWARI-9              
1 41836U 16064A   22106.50466140 -.00000270  00000+0  00000+0 0  9994
2 41836   0.0126 225.2898 0000833 170.6357 131.1281  1.00273511 20034
GOES 16                 
1 41866U 16071A   22106.56229851 -.00000244  00000+0  00000+0 0  9998
2 41866   0.0568 283.2297 0001026 139.2750 269.3870  1.00270644 19846
FENGYUN 4A              
1 41882U 16077A   22106.45690916 -.00000325  00000+0  00000+0 0  9994
2 41882   0.1863 285.5955 0005146 196.1985 351.8384  1.00268281 19715
CYGFM05                 
1 41884U 16078A   22106.54420151  .00002878  00000+0  14795-3 0  9993
2 41884  34.9557 227.2999 0015813 257.3769 102.5174 15.15929922295389
CYGFM04                 
1 41885U 16078B   22106.55187561  .00003316  00000+0  16775-3 0  9998
2 41885  34.9489 216.8288 0014260 272.9356  86.9723 15.16449930295426
CYGFM02                 
1 41886U 16078C   22106.54400018  .00003197  00000+0  16171-3 0  9990
2 41886  34.9580 219.0619 0014997 267.3733  92.5262 15.16468755295502
CYGFM01                 
1 41887U 16078D   22106.47170346  .00003010  00000+0  15559-3 0  9994
2 41887  34.9527 230.0338 0016316 256.1833 103.7063 15.15703074295328
CYGFM08                 
1 41888U 16078E   22106.60663011  .00002935  00000+0  14982-3 0  9990
2 41888  34.9495 222.1298 0015493 268.1479  91.7459 15.16163654295470
CYGFM06                 
1 41889U 16078F   22106.59067999  .00002950  00000+0  14931-3 0  9993
2 41889  34.9576 217.4626 0013982 267.5947  92.3164 15.16482564295459
CYGFM07                 
1 41890U 16078G   22106.57257981  .00002974  00000+0  15074-3 0  9990
2 41890  34.9515 216.4056 0013753 271.5245  88.3891 15.16437006295433
CYGFM03                 
1 41891U 16078H   22106.57093371  .00003003  00000+0  15226-3 0  9995
2 41891  34.9548 216.8687 0013294 269.6868  90.2321 15.16430913295422
FENGYUN 3D              
1 43010U 17072A   22106.45178470  .00000098  00000+0  67966-4 0  9996
2 43010  98.8099  51.3759 0002979  76.6539 283.4963 14.19194329228972
NOAA 20                 
1 43013U 17073A   22106.54955678  .00000040  00000+0  39959-4 0  9991
2 43013  98.7525  46.0390 0000751 100.4093 259.7168 14.19539720228440
GOES 17                 
1 43226U 18022A   22106.48045806  .00000102  00000+0  00000+0 0  9997
2 43226   0.0395 289.3465 0000410 103.0929 207.9477  1.00273058 15156
FENGYUN 2H              
1 43491U 18050A   22106.51438223 -.00000122  00000+0  00000+0 0  9998
2 43491   0.9906  98.3313 0003744  16.3153 354.3169  1.00268830 14173
METOP-C                 
1 43689U 18087A   22106.56941638  .00000085  00000+0  58732-4 0  9998
2 43689  98.6899 167.5254 0002458 194.6886 165.4221 14.21497284178517
GEO-KOMPSAT-2A          
1 43823U 18100A   22106.53339944 -.00000340  00000+0  00000+0 0  9997
2 43823   0.0171  76.1820 0002292 352.6993  96.0459  1.00269934 12355
METEOR-M2 2             
1 44387U 19038A   22106.51740902  .00000028  00000+0  31665-4 0  9990
2 44387  98.7160  67.8143 0002442  86.5399 273.6048 14.23705692144592
FENGYUN 3E              
1 49008U 21062A   22106.63518357  .00000004  00000+0  22511-4 0  9999
2 49008  98.7117 109.5701 0002392 136.1001 224.0343 14.19727261 40548
GOES 18                 
1 51850U 22021A   22104.57619094 -.00000181  00000+0  00000+0 0  9995
2 51850   0.0186 143.6434 0000640 324.8635 212.2800  1.00269914   515
